M_prefill,prompt_len,max_num_seqs,num_prompts,N_prefill,requests_per_s,tokens_per_s,elapsed_time_s
512,512,1,128,128,36.7188,18836.7342,3.4860
1024,1024,1,128,128,37.0668,37993.4980,3.4532
2048,1024,2,256,128,43.0367,44112.6144,5.9484
4096,1024,4,512,128,47.4174,48602.8386,10.7977
8192,1024,8,1024,128,49.0809,50307.8748,20.8635
16384,1024,16,2048,128,50.4026,51662.6625,40.6328
32768,1024,32,4096,128,49.9308,51179.1066,82.0335
65536,1024,64,8192,128,-1.0000,-1.0000,-1.0000
